1.71802885992862
1.10245406498872
1.57316060967965
1.02786956058251
0.411147824233004
0.164459129693202
0.0657836518772807
0.0263134607509123
0.0105253843003649
0.804105164642777
0.850896436544296
0.477043848667497
0.30324991955235
0.141266357296138
0.361452243755686
1.02107010867945
1.31620198448595
1.26372583906259
0.940784143693155
1.13332173950998
0.453328695803994
0.181331478321597
0.072532591328639
0.316712447044063
0.126684978817625
1.29793030362582
1.57223988562825
1.14500356848667
1.93288992587703
1.41068299671805
0.56427319868722
0.225709279474888
0.0902837117899552
0.0361134847159821
0.0144453938863928
0.950169232198197
0.859228766105922
0.541879247619647
0.262682760254191
0.217673630745268
0.238824230810873
0.336271074678081
2.08048831186653
1.36329659017942
1.14461277365804
1.2424666151717
1.27028947040792
0.508115788163169
0.203246315265268
0.081298526106107
0.0325194104424428
0.0130077641769771
1.47801144742413
1.44303097404623
1.35111745901555
0.602313628436615
0.270290357499132
0.108116142999653
0.0432464571998611
0.0172985828799444
0.5863261215529
0.676758323253987
0.407227472449095
0.361053428858313
0.202011271805294
0.515451287304836
0.988248831624232
1.13329945729056
1.63953207610168
1.24129651896493
1.04875397372876
0.436877915663391
0.174751166265356
0.0699004665061426
0.027960186602457
0.0111840746409828
1.00513454977253
1.25413457401509
0.585322359975933
0.338351574451959
0.188576492106489
0.0754305968425957
0.0301722387370383
1.04016983075796
0.874031096262932
0.740961210704171
0.625990458566381
0.374244530372248
0.149697812148899
0.554542512478285
0.967234463866338
0.888367129803809
1.17034178785642
0.893715479478671
1.6891321211049
0.774575877020846
1.19846821811217
0.479387287244867
0.3949889272691
0.15799557090764
1.01191157514925
0.404764630059701
0.770183468214121
1.18959263485909
0.666353771904581
0.266541508761832
0.7962283655224
0.453526707743829
0.181410683097532
0.798048641425398
0.861218923017043
1.28204812355405
1.08227531882574
1.42691025503301
1.15135376879447
1.73989557595078
0.695958230380314
0.278383292152125
0.11135331686085
0.0445413267443401
0.017816530697736
1.07415001885343
1.07017020911359
0.697320964661277
0.60640073447974
0.305504484097828
0.122201793639131
0.0488807174556524
0.472718758599915
1.09953280799829
1.22854820373478
0.857343085007971
0.516588483457071
1.48842129395301
0.595368517581205
0.238147407032482
0.27236624225533
1.90033296259182
0.760133185036727
1.58407322727235
1.29415756735744
1.26191637109027
0.504766548436107
1.18909597427526
0.475638389710103
0.190255355884041
0.0761021423536164
1.00712502110725
0.402850008442899
0.797980202398766
1.26161279555889
0.629298192452208
0.251719276980883
0.88628404804065
0.656815606291436
0.262726242516574
0.580906064758162
1.3978404256328
1.19489108272472
1.18786020544035
1.25170661604277
1.29516308173756
0.518065232695025
0.20722609307801
0.082890437231204
0.0331561748924816
0.0132624699569926
0.720556045614232
2.0167319363494
1.31162675034312
0.642363462694559
0.319647467671241
0.436746552122852
0.174698620849141
0.0698794483396563
0.852268845627704
1.81745459211877
1.20659992504682
0.816749181753069
0.650227915412711
0.555872960317163
0.222349184126865
0.0889396736507461
0.499494133023274
0.521401436193747
1.52642684820537
1.03114675339667
0.79055535605304
1.10961784478588
1.31128678588995
0.524514714355979
0.209805885742391
1.30293008908884
0.521172035635537
0.208468814254215
1.60385151781482
0.9597708322899
0.38390833291596
0.839498737566027
1.12347455550389
