0.612765954117293
0.555469526893494
1.07593762468927
0.612651224634561
0.469527572218645
1.38364123884069
0.889213476196095
0.311224716668633
1.3518793195265
1.17103922472641
0.409863728654244
0.315126022694997
0.954654889576578
0.334129211351802
0.116945223973131
1.68330954622432
1.26814805205276
0.573355206511716
0.888993745037926
0.597975372281094
0.209291380298383
0.073251983104434
0.801966987000295
0.753276365896217
0.789497764587487
1.04469453474819
0.841475891017593
1.51746312824571
1.77269878852271
1.52816889462029
0.534859113117101
0.348301081065973
0.121905378373091
0.0426668824305817
0.0149334088507036
0.840416194035228
0.802608008813686
0.486625536570154
0.208361582849193
0.190417459973391
0.428988487006813
0.391786591700146
2.11118140001795
1.10846710838732
0.853899936932792
1.24473189844033
1.14251398006391
0.399879893022367
0.139957962557829
0.248598920326608
0.0870096221143128
0.0304533677400095
1.35706405742291
1.06428510112266
2.43555607552614
0.971860689231035
0.393362311870157
0.137676809154555
0.0481868832040943
0.016865409121433
0.0586119076710243
0.440412359157152
0.274472378847899
0.296710493987566
0.151726035186164
0.127300848855409
0.803642014001386
0.789636976673023
1.27050029784102
0.848683577035231
0.489276757637484
0.3421488952737
0.472233329064008
0.165281665172403
0.39910004683107
0.947283857380946
1.14093442791222
1.80211749134513
0.755436713007523
1.06791553907266
0.593573430359513
0.20775070062583
0.0727127452190404
0.722924504023818
0.253023576408336
0.585693373764356
0.913651628026818
0.574082432180877
0.761827252210788
1.03243823350306
1.18682592049301
0.546795022935295
0.920561805339641
0.837901591796215
0.293265557128675
0.102642944995036
2.33498771975033
1.1252420150174
0.619771818371057
0.442431542207544
0.623667086437315
0.21828348025306
0.0763992180885711
0.780372350988416
0.52660591108481
1.02954352138287
0.762825054095298
0.301042363925018
0.443018035643245
0.843227100096519
0.295129485033782
1.09480874656233
0.764466434870797
1.8807136060418
1.0691634775456
2.76312699832419
0.967094449413466
2.21704653661066
0.77596628781373
0.271588200734805
0.0950558702571819
0.181367956983153
0.0634787849441037
0.408098417543647
1.67163440180773
0.851974069640362
0.907729100848306
0.485198286599299
0.573324434529869
0.200663552085454
0.477312856850582
0.410922762142176
0.954688731974937
1.49967766922509
0.919408672542635
1.00625925371165
0.604249884125803
0.51878876222411
0.181576066778439
0.430720319323647
0.150752111763277
0.834114892382399
1.53325553368535
1.28983706805762
1.42954771494323
0.681571096448499
0.348308766812097
0.121908068384234
0.0426678239344819
0.0149337383770687
1.27878490504118
0.748908734959954
0.374038148597747
0.243776879155552
0.10621117586301
0.0371739115520536
0.308371596713056
1.5008133189846
1.64766549701602
0.827815252216225
0.41622716131163
0.734481933262874
0.257068676642006
0.0899740368247021
0.577391335417374
0.617205811089151
0.697173192391811
0.694956153460113
1.16429454983649
1.98803288713348
1.44726482261332
1.43061377547031
0.737278736695069
0.258047557843274
0.090316645245146
0.0316108258358011
0.0110637890425304
0.292079562974459
0.452723634216244
0.534905205235884
0.244182903255
0.101986258761316
1.37292970784815
1.12355559118931
0.64501566965501
1.14540333029758
0.578586953951019
0.202505433882857
0.0708769018589998
0.706701954798825
0.247345684179589
1.42602580001923
1.68267811238669
0.67968976456724
1.1687772236358
1.49705186983366
0.523968154441781
0.183388854054623
0.55334726806656
0.193671543823296
